 ./tests/jnh/jnh10.cnf
0

---------------------------
 ./tests/jnh/jnh11.cnf
0

---------------------------
 ./tests/jnh/jnh12.cnf
1
26 48 160 178 184 124 61 40 139 21 88 95 66 59 103 86 141 98 186 19 180 154 75 3 170 12 36 115 196 38 144 70 34 192 145 15 182 108 187 51 125 114 189 110 31 152 41 165 5 84 200 121 2 81 45 156 77 147 68 63 7 174 72 197 118 23 171 92 99 164 162 137 58 43 194 27 106 129 89 168 10 18 14 93 112 128 49 74 132 119 157 150 54 133 80 175 136 56 
---------------------------
 ./tests/jnh/jnh13.cnf
0

---------------------------
 ./tests/jnh/jnh14.cnf
0

---------------------------
 ./tests/jnh/jnh15.cnf
0

---------------------------
 ./tests/jnh/jnh16.cnf
0

---------------------------
 ./tests/jnh/jnh17.cnf
1
80 132 34 42 16 47 106 108 159 117 134 116 35 111 49 61 104 88 13 126 76 148 90 182 184 110 142 63 22 101 158 84 18 166 6 85 164 31 198 40 130 200 25 192 81 169 2 67 178 99 176 9 167 188 151 114 78 45 156 4 171 92 56 37 73 71 150 96 196 29 179 12 137 58 70 174 7 194 27 154 140 98 186 19 120 136 60 161 127 122 43 66 52 143 54 123 190 23 
---------------------------
 ./tests/jnh/jnh18.cnf
0

---------------------------
 ./tests/jnh/jnh19.cnf
0

---------------------------
 ./tests/jnh/jnh1.cnf
1
133 143 28 83 102 16 2 8 54 60 104 150 85 39 111 44 140 4 24 168 89 170 91 172 93 95 174 30 109 21 188 63 176 97 38 196 56 135 71 182 108 125 189 12 179 87 161 82 31 198 66 145 10 177 194 36 6 154 75 42 121 52 131 155 185 105 148 165 62 141 68 200 33 70 127 48 158 79 184 17 13 20 99 114 129 163 78 123 45 118 151 160 49 137 57 74 192 25 120 
---------------------------
 ./tests/jnh/jnh201.cnf
1
39 93 85 111 75 83 95 4 150 102 137 36 104 143 164 6 166 87 148 168 89 10 172 91 7 174 16 30 109 21 188 99 20 176 97 56 135 17 184 105 71 182 24 108 125 196 38 189 179 161 82 31 198 154 33 200 42 52 131 194 155 186 28 169 178 11 133 160 49 68 48 127 145 66 114 158 79 70 123 44 118 151 129 63 62 141 60 57 53 45 78 13 192 25 120 74 
---------------------------
 ./tests/jnh/jnh202.cnf
0

---------------------------
 ./tests/jnh/jnh203.cnf
0

---------------------------
 ./tests/jnh/jnh204.cnf
1
124 100 28 26 119 88 116 105 97 90 103 8 5 75 132 117 91 107 30 158 138 96 66 62 141 24 182 55 134 165 171 196 152 41 110 161 3 50 129 31 198 167 176 9 93 67 146 174 16 194 155 192 20 187 58 169 178 11 74 18 185 184 71 150 13 180 189 22 125 46 164 85 148 69 37 84 159 80 1 48 143 64 81 102 200 33 112 122 60 54 52 114 35 44 39 77 140 154 128 136 
---------------------------
 ./tests/jnh/jnh205.cnf
1
131 124 42 54 154 143 21 47 79 9 43 98 136 118 28 77 4 60 148 66 164 6 57 1 168 89 170 12 91 172 156 130 51 166 87 174 100 138 8 175 96 181 102 120 32 199 194 17 184 105 50 198 25 192 113 146 35 196 159 150 71 39 187 108 141 178 104 189 110 128 126 30 161 82 158 84 70 133 24 61 74 186 19 94 15 46 152 180 13 56 116 37 139 68 33 64 121 76 111 
---------------------------
 ./tests/jnh/jnh206.cnf
0

---------------------------
 ./tests/jnh/jnh207.cnf
1
135 151 34 126 35 101 10 40 65 90 84 143 41 68 142 118 178 80 159 64 100 21 182 146 70 149 184 73 95 16 7 174 58 123 44 98 78 198 20 187 29 3 170 179 12 59 138 158 37 23 190 106 120 32 199 194 115 25 192 113 56 88 94 1 168 186 195 28 107 175 92 13 171 86 75 61 140 46 109 132 53 112 71 164 48 127 162 5 50 166 81 148 134 121 130 51 155 
---------------------------
 ./tests/jnh/jnh208.cnf
0

---------------------------
 ./tests/jnh/jnh209.cnf
1
133 36 66 88 49 151 7 94 100 4 124 121 112 84 95 42 73 103 166 54 28 108 38 29 196 150 71 76 155 39 118 56 135 115 194 86 175 21 188 109 90 169 158 79 120 60 52 31 198 11 178 163 18 185 106 81 160 113 13 180 101 147 68 184 61 140 5 172 129 91 190 23 173 182 15 78 98 19 1 168 161 128 63 192 25 45 126 141 9 58 200 33 138 146 43 144 154 70 48 132 
---------------------------
 ./tests/jnh/jnh20.cnf
0

---------------------------
 ./tests/jnh/jnh210.cnf
---------------------------
 ./tests/jnh/jnh211.cnf
---------------------------
 ./tests/jnh/jnh212.cnf
---------------------------
 ./tests/jnh/jnh213.cnf
---------------------------
 ./tests/jnh/jnh214.cnf
---------------------------
 ./tests/jnh/jnh215.cnf
---------------------------
 ./tests/jnh/jnh216.cnf
---------------------------
 ./tests/jnh/jnh217.cnf
---------------------------
 ./tests/jnh/jnh218.cnf
---------------------------
 ./tests/jnh/jnh219.cnf
---------------------------
 ./tests/jnh/jnh220.cnf
---------------------------
 ./tests/jnh/jnh2.cnf
---------------------------
 ./tests/jnh/jnh301.cnf
---------------------------
 ./tests/jnh/jnh302.cnf
---------------------------
 ./tests/jnh/jnh303.cnf
---------------------------
 ./tests/jnh/jnh304.cnf
---------------------------
 ./tests/jnh/jnh305.cnf
---------------------------
 ./tests/jnh/jnh306.cnf
---------------------------
 ./tests/jnh/jnh307.cnf
---------------------------
 ./tests/jnh/jnh308.cnf
---------------------------
 ./tests/jnh/jnh309.cnf
---------------------------
 ./tests/jnh/jnh310.cnf
---------------------------
 ./tests/jnh/jnh3.cnf
---------------------------
 ./tests/jnh/jnh4.cnf
---------------------------
 ./tests/jnh/jnh5.cnf
0

---------------------------
 ./tests/jnh/jnh6.cnf
0

---------------------------
 ./tests/jnh/jnh7.cnf
1
28 12 48 73 5 52 146 98 117 43 54 34 84 8 137 39 76 154 99 160 70 174 95 176 102 177 158 23 190 32 192 104 110 68 180 106 143 64 19 186 1 80 41 120 152 188 77 200 121 148 37 198 161 82 167 88 55 59 3 170 91 193 114 35 126 171 184 17 112 50 132 166 140 150 133 127 115 89 85 164 62 124 108 196 29 182 15 65 135 14 93 142 72 58 130 46 
---------------------------
 ./tests/jnh/jnh8.cnf
0

---------------------------
 ./tests/jnh/jnh9.cnf
0

---------------------------
 ./tests/jnh/jnh10.cnf
---------------------------
 ./tests/jnh/jnh11.cnf
---------------------------
 ./tests/jnh/jnh12.cnf
---------------------------
 ./tests/jnh/jnh13.cnf
 ./tests/jnh/jnh10.cnf
---------------------------
 ./tests/jnh/jnh11.cnf
 ./tests/jnh/jnh10.cnf
---------------------------
 ./tests/jnh/jnh11.cnf
---------------------------
 ./tests/jnh/jnh12.cnf
---------------------------
 ./tests/jnh/jnh13.cnf
 ./tests/jnh/jnh10.cnf
---------------------------
 ./tests/jnh/jnh11.cnf
---------------------------
 ./tests/jnh/jnh12.cnf
 ./tests/jnh/jnh10.cnf
 ./tests/jnh/jnh10.cnf
0

---------------------------
 ./tests/jnh/jnh11.cnf
0

---------------------------
 ./tests/jnh/jnh12.cnf
1
26 48 160 178 184 124 61 40 139 21 88 95 66 59 103 86 141 98 186 19 180 154 75 3 170 12 36 115 196 38 144 70 34 192 145 15 182 108 187 51 125 114 189 110 31 152 41 165 5 84 200 121 2 81 45 156 77 147 68 63 7 174 72 197 118 23 171 92 99 164 162 137 58 43 194 27 106 129 89 168 10 18 14 93 112 128 49 74 132 119 157 150 54 133 80 175 136 56 
---------------------------
 ./tests/jnh/jnh13.cnf
0

---------------------------
 ./tests/jnh/jnh14.cnf
0

---------------------------
 ./tests/jnh/jnh15.cnf
0

---------------------------
 ./tests/jnh/jnh16.cnf
---------------------------
 ./tests/jnh/jnh17.cnf
1
80 132 34 42 16 47 106 108 159 117 134 116 35 111 49 61 104 88 13 126 76 148 90 182 184 110 142 63 22 101 158 84 18 166 6 85 164 31 198 40 130 200 25 192 81 169 2 67 178 99 176 9 167 188 151 114 78 45 156 4 171 92 56 37 73 71 150 96 196 29 179 12 137 58 70 174 7 194 27 154 140 98 186 19 120 136 60 161 127 122 43 66 52 143 54 123 190 23 
---------------------------
 ./tests/jnh/jnh18.cnf
0

---------------------------
 ./tests/jnh/jnh19.cnf
0

---------------------------
 ./tests/jnh/jnh1.cnf
1
133 143 28 83 102 16 2 8 54 60 104 150 85 39 111 44 140 4 24 168 89 170 91 172 93 95 174 30 109 21 188 63 176 97 38 196 56 135 71 182 108 125 189 12 179 87 161 82 31 198 66 145 10 177 194 36 6 154 75 42 121 52 131 155 185 105 148 165 62 141 68 200 33 70 127 48 158 79 184 17 13 20 99 114 129 163 78 123 45 118 151 160 49 137 57 74 192 25 120 
---------------------------
 ./tests/jnh/jnh201.cnf
1
39 93 85 111 75 83 95 4 150 102 137 36 104 143 164 6 166 87 148 168 89 10 172 91 7 174 16 30 109 21 188 99 20 176 97 56 135 17 184 105 71 182 24 108 125 196 38 189 179 161 82 31 198 154 33 200 42 52 131 194 155 186 28 169 178 11 133 160 49 68 48 127 145 66 114 158 79 70 123 44 118 151 129 63 62 141 60 57 53 45 78 13 192 25 120 74 
---------------------------
 ./tests/jnh/jnh202.cnf
0

---------------------------
 ./tests/jnh/jnh203.cnf
0

---------------------------
 ./tests/jnh/jnh204.cnf
---------------------------
 ./tests/jnh/jnh205.cnf
---------------------------
 ./tests/jnh/jnh206.cnf
0

---------------------------
 ./tests/jnh/jnh207.cnf
1
135 151 34 126 35 101 10 40 65 90 84 143 41 68 142 118 178 80 159 64 100 21 182 146 70 149 184 73 95 16 7 174 58 123 44 98 78 198 20 187 29 3 170 179 12 59 138 158 37 23 190 106 120 32 199 194 115 25 192 113 56 88 94 1 168 186 195 28 107 175 92 13 171 86 75 61 140 46 109 132 53 112 71 164 48 127 162 5 50 166 81 148 134 121 130 51 155 
---------------------------
 ./tests/jnh/jnh208.cnf
0

---------------------------
 ./tests/jnh/jnh209.cnf
1
133 36 66 88 49 151 7 94 100 4 124 121 112 84 95 42 73 103 166 54 28 108 38 29 196 150 71 76 155 39 118 56 135 115 194 86 175 21 188 109 90 169 158 79 120 60 52 31 198 11 178 163 18 185 106 81 160 113 13 180 101 147 68 184 61 140 5 172 129 91 190 23 173 182 15 78 98 19 1 168 161 128 63 192 25 45 126 141 9 58 200 33 138 146 43 144 154 70 48 132 
---------------------------
 ./tests/jnh/jnh20.cnf
0

---------------------------
 ./tests/jnh/jnh210.cnf
1
36 128 7 104 86 147 99 42 126 73 34 96 173 101 13 180 162 72 176 97 178 160 25 192 194 106 112 70 182 108 145 66 30 3 82 43 122 154 75 150 39 198 119 23 190 79 158 200 163 84 57 61 5 172 93 28 195 116 37 188 21 169 90 186 19 64 114 134 1 168 142 152 123 135 56 129 50 117 91 60 166 87 54 67 144 137 184 17 52 48 78 16 110 46 155 
---------------------------
 ./tests/jnh/jnh211.cnf
0

---------------------------
 ./tests/jnh/jnh212.cnf
1
125 94 22 117 145 75 50 77 100 40 36 142 32 136 70 65 131 43 106 139 157 61 30 188 109 104 90 108 14 181 102 185 27 143 64 196 38 162 83 124 45 198 33 200 175 96 17 23 190 111 92 26 193 134 81 160 192 113 59 179 12 149 168 1 80 56 154 9 88 137 58 120 41 54 152 73 128 177 47 129 164 173 6 172 166 71 183 16 51 147 170 3 122 7 86 67 116 97 156 20 
---------------------------
 ./tests/jnh/jnh213.cnf
1
133 102 94 76 32 96 83 140 106 74 30 82 38 112 44 47 90 78 124 116 79 130 120 41 164 168 154 72 151 144 12 14 180 22 27 138 178 99 104 92 198 25 192 34 172 5 200 121 187 108 39 118 2 193 114 35 45 156 165 86 190 23 184 147 110 174 196 9 88 128 49 162 126 54 136 159 150 158 69 175 8 146 67 182 15 63 66 170 3 58 132 141 185 18 61 55 60 19 98 51 
---------------------------
 ./tests/jnh/jnh214.cnf
0

---------------------------
 ./tests/jnh/jnh215.cnf
0

---------------------------
 ./tests/jnh/jnh216.cnf
0

---------------------------
 ./tests/jnh/jnh217.cnf
1
126 151 18 87 38 42 44 117 109 54 35 90 47 94 79 132 101 97 113 5 45 122 162 83 65 164 85 165 72 174 16 150 115 194 96 140 103 182 10 177 105 184 26 68 11 171 92 60 198 52 200 192 34 32 188 186 28 99 20 13 180 22 81 160 146 158 69 148 49 128 63 142 170 3 196 29 108 156 77 76 133 56 135 190 23 39 112 62 57 154 124 120 175 8 168 1 73 138 143 130 
---------------------------
 ./tests/jnh/jnh218.cnf
1
94 24 108 116 117 134 137 111 98 136 154 18 132 34 58 42 16 47 106 92 13 158 76 148 104 90 2 169 182 184 110 142 63 190 166 6 85 164 31 198 40 167 176 9 88 130 200 25 192 81 67 178 99 188 151 114 35 78 171 4 45 156 56 101 22 37 73 71 150 96 196 29 179 12 194 27 60 161 127 122 43 66 52 143 54 186 19 126 84 70 61 140 123 174 7 49 120 159 
---------------------------
 ./tests/jnh/jnh219.cnf
0

---------------------------
 ./tests/jnh/jnh220.cnf
1
143 34 64 67 6 77 103 138 114 100 59 90 4 40 95 141 147 119 121 97 62 168 2 160 76 36 87 166 50 133 8 175 17 69 180 22 102 186 107 195 177 66 145 9 188 52 200 42 30 197 118 183 25 72 151 24 191 112 125 45 193 79 190 32 149 106 91 170 12 44 123 53 132 135 56 172 181 14 156 130 83 162 82 38 20 15 58 157 127 154 47 164 86 174 73 140 110 
---------------------------
 ./tests/jnh/jnh2.cnf
0

---------------------------
 ./tests/jnh/jnh301.cnf
1
116 102 139 26 125 112 40 154 58 60 149 70 160 4 129 54 24 19 170 79 158 185 103 15 182 82 161 48 127 107 141 99 38 71 109 84 163 195 8 175 91 137 174 95 199 120 31 198 49 86 52 131 114 179 188 21 9 88 167 27 194 36 192 56 135 189 17 184 105 42 121 73 78 45 151 13 63 98 44 123 146 67 1 133 66 155 33 166 61 178 11 90 75 5 172 93 118 143 148 29 
---------------------------
 ./tests/jnh/jnh302.cnf
0

---------------------------
 ./tests/jnh/jnh303.cnf
0

---------------------------
 ./tests/jnh/jnh304.cnf
0

---------------------------
 ./tests/jnh/jnh305.cnf
0

---------------------------
 ./tests/jnh/jnh306.cnf
0

---------------------------
 ./tests/jnh/jnh307.cnf
0

---------------------------
 ./tests/jnh/jnh308.cnf
0

---------------------------
 ./tests/jnh/jnh309.cnf
0

---------------------------
 ./tests/jnh/jnh310.cnf
0

---------------------------
 ./tests/jnh/jnh3.cnf
0

---------------------------
 ./tests/jnh/jnh4.cnf
0

---------------------------
 ./tests/jnh/jnh5.cnf
0

---------------------------
 ./tests/jnh/jnh6.cnf
0

---------------------------
 ./tests/jnh/jnh7.cnf
1
28 12 48 73 5 52 146 98 117 43 54 34 84 8 137 39 76 154 99 160 70 174 95 176 102 177 158 23 190 32 192 104 110 68 180 106 143 64 19 186 1 80 41 120 152 188 77 200 121 148 37 198 161 82 167 88 55 59 3 170 91 193 114 35 126 171 184 17 112 50 132 166 140 150 133 127 115 89 85 164 62 124 108 196 29 182 15 65 135 14 93 142 72 58 130 46 
---------------------------
 ./tests/jnh/jnh8.cnf
0

---------------------------
 ./tests/jnh/jnh9.cnf
0

---------------------------
